0 
1 
2 
3 
4 
5 
6 
7 
8 
9 
10 
11 
12 
13 
14 
15 
16 
17 
18 
19 
20 
21 
22 
23 
24 
25 
26 
27 
28 
29 
30 
31 
32 
33 
34 
35 
36 
37 
38 
39 
40 
41 
42 
43 
44 
45 
46 
47 
48 
49 
50 
51 
52 
53 
54 
55 
56 
57 
58 
59 
60 
61 
62 
63 
64 
65 
66 
67 
68 
69 
70 
71 
72 
73 
74 
75 
76 
77 
78 
79 
80 
81 
82 
83 
84 
85 
86 
87 
88 
89 
90 
91 
92 
93 
94 
95 
96 
97 
98 
99 
100 
101 
102 
103 
104 
105 
106 
107 
108 
109 
110 
111 
112 
113 
114 
115 
116 
117 
118 
119 
120 
121 
122 
123 
124 
125 
126 
127 
128 
129 
130 
131 
132 
133 
134 
135 
136 
137 
138 
139 
140 
141 
142 
143 
144 
145 
146 
147 
148 
149 
150 
151 
152 
153 
154 
155 
156 
157 
158 
159 
160 
161 
162 
163 
164 
165 
166 
167 
168 
169 
170 
171 
172 
173 
174 
175 
176 
177 
178 
179 
180 
181 
182 
183 
184 
185 
186 
187 
188 
189 
190 
191 
192 
193 
194 
195 
196 1715 421 54 263 
197 1665 423 102 274 
198 1666 431 104 266 
199 1670 427 99 274 
200 1668 427 101 277 
201 1670 429 106 271 
202 1678 435 101 266 
203 
204 
205 
206 
207 
208 
209 
210 
211 
212 
213 
214 
215 1568 348 356 728 
216 1361 333 467 728 
217 1140 306 590 765 
218 1023 370 675 692 
219 1047 377 497 703 
220 1022 376 472 668 
221 1018 360 403 728 
222 1051 331 357 762 
223 1079 343 328 737 
224 1125 379 294 689 
225 1156 371 269 704 
226 1182 387 248 677 
227 1187 397 249 686 
228 1228 399 222 682 
229 1248 406 210 601 
230 1266 406 200 597 
231 1278 408 196 594 
232 1314 408 160 544 
233 1335 414 160 522 
234 1341 423 173 512 
235 1358 408 167 514 
236 1383 412 145 456 
237 1395 430 150 428 
238 1406 437 156 408 
239 1434 430 144 394 
240 1453 425 137 399 
241 1461 424 138 400 
242 1474 425 126 357 
243 1477 425 127 358 
244 1501 427 113 351 
245 1515 433 109 335 
246 1530 427 104 330 
247 1528 440 113 316 
248 1522 430 124 320 
249 1544 434 113 309 
250 1561 435 104 302 
251 1567 436 102 296 
252 1590 438 96 284 
253 1599 431 90 293 
254 1603 431 96 292 
255 1605 437 104 284 
256 1611 437 104 280 
257 1635 439 91 268 
258 1635 442 106 270 
259 1655 437 95 268 
260 1688 435 64 260 
261 1694 440 65 244 
262 1698 446 67 217 
263 1717 435 50 239 
264 
265 
266 
267 
268 
269 
270 
271 
272 
273 
274 
275 
276 
277 
278 
279 
280 
281 
282 
283 
284 
285 
286 
287 
288 
289 
290 
291 
292 
293 
294 
295 
296 
297 
298 
299 
300 
301 
302 
303 
304 
305 
306 
307 
308 
309 
310 
311 
312 
313 
314 
315 
316 
317 
318 
319 
320 
321 
322 
323 
324 
325 
326 
327 
328 
329 
330 
331 
332 
333 
334 
335 
336 
337 
338 
339 
340 
341 
342 
343 
344 
345 
346 
347 
348 
349 
350 
351 
352 
353 
354 
355 
356 
357 
358 
359 
360 
361 
362 
363 
364 
365 
366 
367 
368 
369 
370 
371 
372 
373 
374 
375 
376 
377 
378 
379 
380 
381 
382 
383 
384 
385 
386 
387 
388 
389 
390 
391 
392 
393 
394 
395 
396 
397 
398 
399 
400 
401 
402 
403 
404 
405 
406 
407 
408 
409 
410 
411 
412 
413 
414 
415 
416 
417 
418 
419 
420 
421 
422 
423 
424 
425 
426 
427 
428 
429 
430 
431 
432 
433 
434 
435 
436 
437 
438 
439 
440 
441 
442 
443 
444 
445 
446 
447 
448 
449 
450 
451 
452 
453 
454 
455 
456 
457 
458 
459 
460 
461 
462 1693 453 76 219 
463 1690 454 76 226 
464 1685 448 73 228 
465 1665 447 74 233 
466 1655 455 70 224 
467 1648 453 66 223 
468 1640 443 69 231 
469 1627 440 92 260 
470 1625 444 92 259 
471 1630 452 72 233 
472 1616 443 88 269 
473 1611 439 88 273 
474 1608 439 84 278 
475 1610 442 83 277 
476 1723 467 46 196 1606 448 91 268 
477 1715 464 54 205 1606 449 92 267 
478 1698 472 63 183 1607 444 95 273 
479 1688 463 65 215 1599 445 105 272 
480 1677 459 68 242 1597 447 105 274 
481 1668 472 69 194 1600 447 90 280 
482 1658 456 57 227 1605 449 90 276 
483 1601 441 61 285 1654 445 56 250 
484 1643 446 49 272 1593 448 95 288 
485 1591 448 99 297 
486 1583 441 104 305 
487 1578 441 113 308 
488 1554 449 124 299 
489 1552 445 106 317 
490 1730 433 37 253 1541 445 107 313 
491 1515 441 122 321 
492 1517 441 104 323 
493 1573 429 52 323 1485 433 107 349 
494 1728 433 38 255 1566 431 56 314 1455 447 137 352 
495 1723 429 44 266 1548 453 76 282 1445 453 121 343 
496 1711 454 59 224 1413 443 116 363 1524 452 92 289 
497 1695 453 66 224 1388 449 137 355 1517 452 93 285 
498 1683 456 66 225 1491 456 99 280 1331 454 177 356 
499 1673 456 68 224 1472 449 105 294 1332 449 160 364 
500 1732 432 42 254 1637 461 101 238 1464 451 95 291 1310 436 144 387 
501 1733 424 40 275 1645 464 74 234 1456 452 99 300 1298 430 146 396 
502 1734 429 35 263 1636 460 62 216 1448 452 100 308 1283 448 148 383 
503 1730 438 35 236 1623 458 62 224 1429 455 107 303 1243 448 162 405 
504 1730 439 36 241 1612 457 65 247 1403 458 117 300 1230 447 135 411 
505 1731 437 37 244 1614 464 58 205 1387 457 125 304 1199 444 139 406 
506 1610 460 57 215 1369 459 129 297 1157 441 156 411 
507 1571 452 94 258 1355 458 114 302 1095 442 205 448 
508 1572 448 90 271 1328 462 128 293 1099 440 184 459 
509 1575 462 70 247 1315 464 123 310 1067 426 170 485 
510 1556 455 80 268 1300 459 139 321 1052 427 166 504 
511 1552 453 78 271 1034 440 159 514 1292 453 131 336 
512 1549 449 76 273 1275 459 142 331 1010 430 172 545 
513 1546 450 75 278 1244 463 151 325 997 418 178 572 
514 1544 448 74 280 1223 453 156 346 960 429 186 556 
515 1543 450 76 279 947 442 181 550 1207 452 122 353 
516 1543 449 76 281 1185 455 119 342 926 442 190 593 
517 1539 453 79 281 1166 460 121 345 905 436 210 601 
518 1534 455 79 284 890 437 219 615 1144 464 125 346 
519 1517 452 89 286 877 432 225 639 1116 465 137 341 
520 1514 450 93 291 873 457 230 630 1093 460 138 354 
521 1516 446 85 305 867 433 245 633 1084 464 134 356 
522 1729 428 41 267 1514 449 85 310 1063 462 119 342 854 431 302 624 
523 1051 454 106 184 1501 460 89 292 837 427 308 636 
524 1050 450 95 165 1495 459 93 294 839 462 307 619 
525 1043 461 87 171 1489 454 96 302 837 449 314 643 
526 1044 460 66 133 1470 454 112 304 835 411 335 675 
527 1452 458 116 298 841 410 340 666 
528 1445 457 100 301 837 418 353 648 
529 1445 460 91 298 780 403 459 676 
530 1445 460 88 298 769 365 499 724 
531 1443 459 92 299 758 371 524 717 
532 1440 457 95 302 737 360 563 730 
533 816 473 160 357 1446 457 93 302 703 250 700 835 
534 825 499 138 338 1446 457 93 301 707 276 693 806 
535 816 543 114 313 1446 457 92 301 701 277 705 802 
536 817 544 106 314 1446 456 93 302 671 251 677 840 
537 1448 457 93 300 668 246 659 838 
538 1449 458 93 299 670 240 642 838 
539 1449 459 92 297 657 249 656 825 
540 642 243 661 834 1449 460 92 296 
541 628 242 664 838 1448 462 93 293 
542 1448 471 92 294 623 239 656 841 
543 1433 464 101 313 609 238 661 844 
544 1413 477 103 302 617 239 647 846 
545 1402 466 101 315 635 242 634 845 
546 662 255 634 823 1390 463 98 316 
547 752 253 645 825 1373 460 108 339 
548 846 483 114 458 808 273 603 802 1374 458 104 339 
549 839 273 603 806 839 481 137 475 1366 450 110 359 
550 848 254 601 832 825 465 179 516 1360 457 112 353 
551 1375 453 77 358 827 484 181 493 834 241 781 845 
552 909 261 637 818 836 449 192 535 
553 949 270 582 814 838 449 204 540 
554 971 300 629 765 839 457 217 513 
555 1117 303 607 768 841 450 208 525 
556 1200 313 592 754 842 452 207 522 
557 1281 450 111 393 1258 358 498 711 842 455 212 516 
558 1273 376 521 689 1235 458 164 386 844 452 212 518 
559 1260 368 517 695 1224 453 164 403 844 450 214 522 
560 1219 332 561 727 1216 451 158 418 845 454 211 516 
561 1174 294 534 758 1203 459 136 396 847 457 207 509 
562 1176 297 544 757 1196 456 135 403 845 458 214 511 
563 1242 317 553 736 1194 453 130 413 844 460 216 510 
564 1332 372 492 694 1187 449 121 420 861 465 211 500 
565 1432 382 475 677 1188 449 115 428 864 465 204 499 
566 1614 408 278 629 1183 454 116 417 867 464 198 503 
567 1174 456 118 406 863 464 207 501 
568 1164 459 127 411 847 457 210 514 
569 1161 459 126 414 845 458 214 511 
570 1156 461 128 412 842 456 214 516 
571 1145 460 131 421 840 459 216 513 
572 1137 464 132 416 839 463 216 508 
573 1130 463 136 418 837 467 219 503 
574 1125 462 139 421 837 464 219 510 
575 1715 438 56 246 1119 459 144 426 834 463 218 512 
576 1712 441 58 241 832 464 220 509 1117 457 147 429 
577 1698 447 60 229 829 464 223 511 1116 456 147 430 
578 1720 449 49 224 1698 438 58 244 828 465 223 511 1117 456 146 429 
579 1720 449 49 226 1697 436 58 246 822 470 228 508 1119 460 145 420 
580 1720 451 50 226 1697 438 57 247 822 467 228 511 1119 460 145 420 
581 1718 450 50 227 1696 434 60 255 823 467 227 511 1120 461 144 419 
582 1697 433 57 259 821 467 227 509 1121 461 143 417 
583 1700 430 52 266 820 468 229 508 1122 462 143 416 
584 1701 433 55 260 819 469 230 506 1122 461 143 417 
585 1701 433 52 264 819 469 227 507 1123 462 140 416 
586 1703 425 50 279 818 470 227 507 1123 462 140 416 
587 1702 424 50 285 817 469 227 508 1124 462 139 417 
588 1697 435 55 263 816 469 227 508 1124 463 138 414 
589 1697 433 54 262 817 468 225 510 1125 464 138 412 
590 1688 447 61 235 817 467 223 511 1124 465 138 411 
591 1682 449 65 234 817 467 223 511 1124 466 138 410 
592 1664 436 85 261 817 470 229 506 1127 464 137 412 
593 1664 436 84 265 817 470 229 506 1126 464 137 412 
594 1683 441 64 248 816 468 231 510 1126 465 138 411 
595 1689 442 60 245 815 466 232 511 1126 465 138 411 
596 1688 445 64 241 815 468 231 509 1126 465 138 411 
597 1691 437 63 254 814 466 226 512 1126 465 138 410 
598 1698 430 60 267 813 467 226 516 1126 465 139 413 
599 1702 437 55 248 810 468 221 517 1127 465 138 412 
600 1714 433 55 263 1127 466 138 410 805 471 224 514 
601 1714 431 54 266 1125 466 141 411 800 475 233 508 
602 1713 433 55 262 1123 465 142 414 798 476 235 505 
603 1711 438 57 253 1123 463 142 416 799 477 233 506 
604 1711 438 57 254 1123 463 143 416 803 471 229 515 
605 1712 436 56 256 815 477 223 508 1124 463 141 414 
606 1711 436 57 256 1124 462 140 415 819 476 225 510 
607 1712 434 56 261 831 464 204 519 1125 462 139 415 
608 1713 433 55 263 837 468 182 507 1127 462 138 416 
609 1713 433 55 263 842 465 170 511 1126 464 138 412 
610 1712 432 55 266 842 466 174 511 1127 467 136 409 
611 1712 433 56 264 841 465 184 512 1127 465 137 412 
612 1712 440 56 250 839 466 194 515 1126 465 137 416 
613 1712 439 56 252 1127 465 137 413 837 462 202 523 
614 1712 439 56 251 836 462 203 525 1127 465 137 411 
615 1712 438 56 254 828 461 211 525 1125 465 139 412 
616 1713 438 56 253 820 461 212 529 1125 462 140 417 
617 1713 438 56 254 809 466 202 533 1123 465 142 415 
618 1712 437 56 255 805 474 216 535 1124 465 142 414 
619 1714 434 55 261 811 471 230 560 1120 466 144 409 
620 1714 435 55 259 814 462 231 576 1118 466 146 410 
621 1713 434 55 260 820 455 239 595 1115 466 150 413 
622 1714 434 55 261 821 458 242 592 1115 464 148 415 
623 1714 433 55 262 813 463 239 621 1116 462 144 418 
624 1714 433 55 262 1122 457 129 436 777 471 257 607 
625 1712 433 56 263 1117 462 137 425 721 473 304 602 
626 1712 433 56 263 1120 464 134 421 710 471 315 612 
627 1712 433 55 262 716 468 305 621 1122 466 136 419 
628 1712 433 56 263 725 476 293 602 1128 461 136 427 
629 1712 433 56 263 715 482 310 584 1133 461 133 427 
630 1712 432 56 264 1120 456 149 474 650 467 354 617 
631 1712 437 56 255 1111 461 161 464 631 461 378 640 
632 1713 436 56 256 1114 457 152 438 610 461 451 632 
633 1713 435 56 258 1098 451 150 388 620 423 457 656 
634 1713 435 56 257 1097 457 144 429 595 435 488 671 
635 1713 436 56 256 1090 445 153 495 562 451 514 643 
636 1714 432 54 266 1080 455 166 479 520 442 560 657 
637 1714 432 54 265 1078 451 151 487 542 452 549 636 
638 1714 431 54 267 1079 450 140 495 623 444 501 658 
639 1714 431 55 266 1082 437 136 522 688 423 490 654 
640 1714 430 54 267 737 423 471 653 1111 435 103 524 
641 1133 446 67 101 1713 429 55 269 752 410 470 660 
642 1712 429 57 270 1129 450 68 51 854 473 499 619 
643 1129 453 64 71 1712 428 57 271 875 514 491 571 
644 1111 448 95 125 1712 428 57 271 949 523 508 567 
645 1712 428 57 269 1002 456 173 235 969 541 486 538 
646 975 459 187 276 1713 429 56 268 964 526 469 564 
647 1712 431 55 261 1038 446 86 132 901 493 493 600 
648 1713 431 55 261 1040 451 76 58 841 460 484 638 
649 1713 432 55 261 1048 450 72 41 820 460 459 634 
650 1713 430 55 265 771 448 490 655 
651 1065 451 72 45 1713 431 55 263 753 447 523 651 
652 1067 451 71 50 1713 432 54 262 739 454 553 638 
653 1066 452 69 52 1713 429 56 268 702 455 602 636 
654 1713 430 56 267 629 472 675 599 
655 1043 450 94 137 1713 430 55 267 650 458 610 626 
656 1041 449 88 141 1714 431 55 267 612 474 669 588 
657 1039 448 83 141 1714 430 55 268 595 472 683 589 
658 1035 445 85 152 908 439 80 44 1715 435 54 257 593 459 691 590 
659 1018 453 89 133 864 433 76 47 1715 434 54 257 624 440 579 659 
660 1714 433 55 259 1014 453 86 146 684 437 511 661 
661 1010 460 60 51 1714 432 54 260 1006 456 94 138 706 444 490 652 
662 1714 432 55 259 989 457 77 38 778 442 479 664 
663 804 484 130 137 981 459 86 41 1714 429 54 269 825 452 481 645 
664 1714 430 55 267 982 458 85 58 856 455 481 643 
665 1714 430 54 267 973 450 83 122 872 480 522 607 
666 1714 430 54 268 876 517 523 575 
667 1714 429 54 268 932 449 174 522 946 538 501 540 
668 1712 429 56 267 1022 610 488 470 928 450 188 543 
669 926 453 192 543 
670 924 454 196 547 
671 1714 424 55 278 924 452 196 549 
672 1714 432 54 260 1409 689 509 371 927 458 189 548 
673 1715 434 51 245 933 463 182 544 
674 1715 445 52 212 926 461 191 542 
675 1715 435 53 257 929 455 186 554 
676 1714 429 53 267 928 459 189 545 
677 1715 428 52 271 930 455 190 551 
678 1715 427 52 272 923 460 208 545 
679 1716 428 51 270 928 453 185 555 
680 1716 429 50 268 930 451 181 559 
681 1715 429 51 269 931 450 180 560 
682 1716 433 52 263 934 450 176 559 
683 1715 433 52 263 934 453 181 553 
684 1715 434 52 262 932 455 186 550 
685 1715 433 52 263 934 453 180 552 
686 1716 433 52 263 935 453 178 555 
687 1715 434 52 261 938 460 175 545 
688 1716 433 50 262 944 460 194 538 
689 1714 433 54 260 948 464 214 535 
690 1712 434 56 255 954 457 231 545 
691 1716 430 49 262 970 463 223 542 
692 1715 437 51 247 983 461 221 548 
693 1701 441 59 240 995 463 211 545 
694 1698 443 64 240 1017 462 202 554 
695 1696 436 67 248 1017 463 198 568 
696 1694 441 66 243 1012 462 179 578 
697 1693 436 64 252 1003 460 189 587 
698 1691 436 64 250 982 446 233 603 
699 1691 438 63 249 978 437 243 667 
700 1692 436 63 250 983 461 230 628 
701 1693 435 63 252 988 477 216 594 
702 1694 434 63 255 982 473 234 602 
703 1694 435 63 256 984 451 261 649 
704 1694 434 63 257 979 468 275 623 
705 1694 434 62 257 932 468 277 626 
706 1694 434 62 257 908 466 272 614 
707 1694 436 63 253 867 448 307 611 
708 1694 436 63 252 863 486 312 589 
709 1693 438 63 248 860 445 328 616 
710 1694 436 60 253 882 435 319 638 
711 1694 436 59 252 876 462 355 623 
712 1693 436 59 252 864 476 371 599 
713 1693 437 60 251 794 441 456 671 
714 1693 438 60 248 790 434 455 682 
715 1692 437 60 252 787 469 464 627 
716 1692 437 60 251 819 475 483 615 
717 1692 437 60 251 861 488 486 597 
718 1692 435 60 255 886 473 549 619 
719 1692 436 60 253 912 473 565 618 
720 897 496 621 587 1692 437 60 251 
721 950 522 248 410 857 471 727 618 1692 438 60 250 
722 924 563 238 451 875 469 707 620 1691 438 60 250 
723 904 563 240 479 888 461 694 641 1691 437 60 250 
724 917 560 256 469 898 461 692 632 1691 438 60 251 
725 922 552 256 473 936 460 585 632 1691 439 60 249 
726 930 565 233 443 942 447 566 650 1691 439 60 248 
727 1691 438 60 251 956 440 522 661 
728 948 447 556 649 1690 438 61 250 
729 1690 438 61 248 892 461 686 617 
730 1690 439 61 247 888 462 690 614 
731 1690 439 61 246 876 465 700 604 
732 1690 439 61 246 877 462 676 611 
733 1691 439 61 247 873 456 676 622 
734 869 454 689 630 1691 439 61 247 
735 930 468 580 628 1690 441 61 243 
736 1009 474 567 624 1690 440 61 246 
737 1101 456 544 640 1690 439 61 244 
738 1174 581 250 457 1693 431 61 247 1245 442 517 669 
739 1692 430 59 265 1242 441 529 668 
740 1115 447 504 657 1689 439 62 247 
741 999 447 540 657 1691 434 61 258 
742 954 443 535 656 1692 434 60 257 
743 859 464 751 608 1691 440 63 248 
744 1689 456 54 222 794 472 711 596 
745 1689 469 57 203 814 473 820 589 
746 1687 467 61 225 816 476 807 583 
747 1683 466 62 208 802 474 864 589 
748 1680 438 63 256 753 463 773 581 
749 788 456 720 632 1680 432 59 269 
750 1678 438 63 254 953 444 545 653 
751 1678 433 61 263 1020 459 549 634 
752 1153 650 245 412 1677 429 58 270 1259 436 525 627 
753 1682 451 59 129 1261 463 522 633 
754 1279 669 227 411 1682 452 50 81 1320 508 504 572 
755 1675 448 68 89 1317 668 235 419 1353 514 483 568 
756 1683 449 55 69 1400 489 473 602 
757 1682 446 53 58 1382 633 241 441 1425 474 463 617 
758 1383 617 265 472 1671 442 68 100 1434 507 462 578 
759 1662 442 62 237 1609 514 304 585 
760 1645 440 85 283 
761 1633 433 96 292 
762 1620 438 114 286 
763 1608 438 116 298 
764 1603 435 109 310 
765 1601 434 94 311 
766 1593 435 94 311 
767 1563 436 99 326 
768 1547 443 110 320 
769 1494 435 167 334 
770 1489 428 172 335 
771 1480 425 156 360 
772 1427 426 143 401 
773 1406 428 159 399 
774 1360 408 217 447 
775 1346 414 224 458 
776 1314 412 213 484 
777 1313 415 162 525 
778 1266 434 243 497 
779 1250 417 258 615 
780 1226 432 278 593 
781 1159 421 303 653 
782 1137 412 349 666 
783 1081 396 463 659 
784 1032 390 476 679 
785 990 371 478 709 
786 1007 391 510 678 
787 1046 350 627 726 
788 1081 349 728 716 
789 1401 300 525 757 
790 
791 
792 
793 
794 
795 
796 
797 
798 
799 
800 
801 
802 
803 
804 
805 
806 
807 
808 
809 
810 
811 
812 
813 
814 
815 
816 
817 
818 
819 
820 
821 
822 
823 
824 
825 
826 
827 
828 
829 
830 
831 
832 
833 
834 
835 
836 
837 
838 
839 
840 
841 
842 
843 
844 
845 
846 
847 
