0 110 8 529 475 
1 107 10 533 471 
2 109 9 532 472 
3 127 8 494 476 
4 125 8 491 477 
5 130 3 486 476 
6 127 4 490 473 
7 128 4 488 472 
8 126 3 489 470 
9 126 3 492 472 
10 125 6 495 468 
11 127 7 491 464 
12 125 4 493 468 
13 126 5 492 467 
14 121 3 500 472 
15 123 4 497 469 
16 126 5 493 475 
17 129 8 495 472 
18 128 5 495 478 
19 127 5 494 485 
20 130 10 493 473 
21 124 8 499 478 
22 124 4 500 483 
23 116 0 508 493 
24 115 3 506 480 
25 117 0 510 494 
26 116 0 515 498 
27 121 0 507 496 
28 120 0 504 494 
29 118 0 507 496 
30 116 0 504 497 
31 114 0 506 496 
32 110 0 509 492 
33 108 0 514 493 
34 100 0 527 492 
35 99 0 523 490 
36 100 0 521 490 
37 102 0 524 491 
38 96 0 527 491 
39 97 0 526 497 
40 93 0 531 504 
41 96 0 527 507 
42 97 0 527 507 
43 97 0 523 502 
44 94 0 530 499 
45 100 0 519 487 
46 89 0 539 487 
47 90 0 538 483 
48 88 0 545 483 
49 94 0 540 486 
50 100 0 539 487 
51 97 7 457 467 
52 102 2 535 474 
53 117 4 504 470 
54 123 3 493 468 
55 98 6 449 465 
56 109 4 432 466 
57 139 9 462 466 
58 137 6 469 470 
59 132 12 476 463 
60 135 15 472 465 
61 134 26 486 453 
62 129 33 492 445 
63 133 39 488 435 
64 133 50 487 415 
65 133 49 485 419 
66 128 53 495 411 
67 126 55 495 408 
68 130 62 481 419 
69 129 68 481 411 
70 132 72 479 403 
71 134 74 477 402 
72 128 81 489 395 
73 128 83 491 392 
74 126 82 491 394 
75 130 81 490 395 
76 132 79 484 397 
77 132 78 483 401 
78 129 78 484 400 
79 132 74 477 407 
80 135 69 474 418 
81 135 68 477 418 
82 134 66 479 423 
83 136 66 476 421 
84 137 63 475 427 
85 139 61 472 434 
86 136 60 479 432 
87 135 59 483 435 
88 137 59 479 433 
89 133 59 485 431 
90 138 58 474 434 
91 138 60 474 431 
92 134 59 481 430 
93 135 58 484 426 
94 131 53 486 413 
95 133 56 474 406 
96 134 56 470 406 
97 130 53 474 412 
98 128 52 484 412 
99 126 47 493 422 
100 125 49 493 419 
101 127 47 491 420 
102 125 37 486 437 
103 129 34 484 443 
104 122 19 487 466 
105 122 20 488 463 
106 121 19 490 463 
107 119 18 494 463 
108 124 15 487 465 
109 126 14 476 464 
110 126 11 478 466 
111 125 12 479 466 
112 128 13 476 466 
113 125 15 479 462 
114 128 14 472 464 
115 125 16 485 468 
116 127 14 480 467 
117 126 16 476 464 
118 126 16 475 461 
119 127 14 478 465 
120 129 15 473 462 
121 126 13 482 464 
122 125 15 486 467 
123 125 15 487 467 
124 128 18 481 461 
125 129 17 476 465 
126 129 19 477 459 
127 127 19 477 460 
128 125 19 481 458 
129 124 19 486 459 
130 124 20 487 460 
131 125 20 485 462 
132 124 19 489 465 
133 125 17 486 469 
134 125 16 486 471 
135 131 14 479 473 
136 132 14 480 472 
137 133 13 478 474 
138 133 14 477 475 
139 132 14 482 471 
140 131 15 482 470 
141 133 17 477 470 
142 133 17 475 470 
143 132 16 475 473 
144 132 18 476 471 
145 131 18 478 472 
146 131 16 482 474 
147 134 16 476 473 
148 132 18 480 468 
149 135 19 477 468 
150 135 19 477 469 
151 134 17 477 469 
152 133 21 478 460 
153 133 19 475 469 
154 135 18 471 470 
155 132 17 481 471 
156 129 16 482 470 
157 123 20 478 454 
158 119 17 494 456 
159 121 10 505 466 
160 128 5 488 486 
161 128 9 488 474 
162 125 5 491 476 
163 130 5 490 476 
164 129 6 487 472 
165 130 6 487 468 
166 130 6 487 467 
167 132 9 486 464 
168 133 10 487 463 
169 132 8 488 465 
170 132 8 489 466 
171 132 8 487 466 
172 133 4 486 468 
173 133 4 489 471 
174 137 0 484 476 
175 131 0 492 480 
176 132 0 497 480 
177 131 0 499 477 
178 153 1 495 477 
179 131 0 496 479 
180 122 0 511 477 
181 123 0 512 480 
182 127 0 509 481 
183 129 1 506 480 
184 129 1 503 481 
185 131 3 500 482 
186 130 4 504 482 
187 152 6 494 473 
188 125 2 514 487 
189 124 2 516 485 
190 122 3 520 483 
191 154 6 490 471 
192 129 0 505 484 
193 129 1 506 481 
